Energy: 0.000000 0.000000 0.000000
Time: 30 ms
